battle_state:
  battle_color: blue
  fps_mode: 0


length_of_cloud_queue: 10
image_width: 1280
image_height: 1024
sensor_far:
  deviceID: 0
  exp_time: 65000
  fps: 400
  camera_name: changjiao
  camera_matrix:
    zerozero: 1890.751574
    zerotwo: 645.397327
    oneone: 1883.882471
    onetwo: 529.402852
    twotwo: 1.0
  distortion_coefficient:
    zero: -0.110864
    one: 0.067284
    two: -0.000661
    three: 0.001910
    four: 0.000000
  uni_matrix:
    zerozero: 0.174109
    zeroone: -0.983692
    zerotwo: 0.0451283
    zerothree: 0.0507282
    onezero: -0.0160614
    oneone: -0.048659
    onetwo: -0.998686
    onethree: 0.0430211
    twozero: 0.984595
    twoone: 0.173155
    twotwo: -0.0242714
    twothree: 0.0749098
  point1:
    x: 2461.0
    y: 16706.0
    z: 1581.0
  point2:
    x: 6321.0
    y: 8805.0
    z: 615.0
  point3:
    x: 6981.0
    y: 8805.0
    z: 615.0
  point4:
    x: 7500.0
    y: 26302.0
    z: 1118.0

sensor_close:
  deviceID: 1
  exp_time: 108000
  camera_name: guangjiao
  camera_matrix:
    zerozero: 1854.708250
    zerotwo: 661.706219
    oneone: 1847.979719
    onetwo: 512.214798
    twotwo: 1.0
  distortion_coefficient:
    zero: -0.089024
    one: 0.390152
    two: 0.000047
    three: 0.002143
    four: 0.000000
  uni_matrix:
    zerozero: 0.966344
    zeroone: -0.16917
    zerotwo: -0.193804
    zerothree: -4.516
    onezero: -0.193384
    oneone: 0.0191141
    onetwo: -0.980937
    onethree: 0.666413
    twozero: 0.16965
    twoone: 0.985402
    twotwo: -0.0142441
    twothree: 7.28042
  point1:
    x: 7500.0
    y: 26302.0
    z: 1118.0
  point2:
    x: 6321.0
    y: 8805.0
    z: 615.0
  point3:
    x: 6981.0
    y: 8805.0
    z: 615.0
  point4:
    x: 12539.0
    y: 11294.0
    z: 1581.0

small_map:
  small_map_shift_X: 30
  small_map_shift_Y: 5

