battle_state:
  battle_color: blue
  fps_mode: 0


length_of_cloud_queue: 10
image_width: 1280
image_height: 1024
sensor_far:
  deviceID: 0
  exp_time: 45000
  fps: 400
  camera_name: changjiao
  camera_matrix:
    zerozero: 1890.751574
    zerotwo: 645.397327
    oneone: 1883.882471
    onetwo: 529.402852
    twotwo: 1.0
  distortion_coefficient:
    zero: -0.110864
    one: 0.067284
    two: -0.000661
    three: 0.001910
    four: 0.000000
  uni_matrix:
    zerozero: 0.156744
    zeroone: -0.987002
    zerotwo: 0.035488
    zerothree: 0.133574
    onezero: -0.00997366
    oneone: -0.0375122
    onetwo: -0.999246
    onethree: 0.0146435
    twozero: 0.987589
    twoone: 0.156272
    twotwo: -0.0157238
    twothree: 0.0119807
  point1:
    x: 2461.0
    y: 16706.0
    z: 1581.0
  point2:
    x: 6321.0
    y: 8805.0
    z: 615.0
  point3:
    x: 6981.0
    y: 8805.0
    z: 615.0
  point4:
    x: 7500.0
    y: 26302.0
    z: 1118.0

sensor_close:
  deviceID: 1
  exp_time: 48000
  camera_name: guangjiao
  camera_matrix:
    zerozero: 1854.708250
    zerotwo: 661.706219
    oneone: 1847.979719
    onetwo: 512.214798
    twotwo: 1.0
  distortion_coefficient:
    zero: -0.089024
    one: 0.390152
    two: 0.000047
    three: 0.002143
    four: 0.000000
  uni_matrix:
    zerozero: 0.152199
    zeroone: -0.987742
    zerotwo: 0.0346555
    zerothree: 0.119421
    onezero: -0.00655642
    oneone: -0.0360723
    onetwo: -0.999328
    onethree: 0.0381314
    twozero: 0.988328
    twoone: 0.151869
    twotwo: -0.0119662
    twothree: -0.0954662
  point1:
    x: 7500.0
    y: 26302.0
    z: 1118.0
  point2:
    x: 6321.0
    y: 8805.0
    z: 615.0
  point3:
    x: 6981.0
    y: 8805.0
    z: 615.0
  point4:
    x: 12539.0
    y: 11294.0
    z: 1581.0

small_map:
  small_map_shift_X: 30
  small_map_shift_Y: 5

yolo:
  if_shot: false
  if_shot_far: false
  if_shot_close: false

